-0.0157458 -0.0157064 -0.0156671 -0.0156277 -0.0155884 -0.0155492 -0.01551 -0.0154708 -0.0154317 -0.0153928 -0.0153539 -0.0153152 -0.0152766 -0.0152382 -0.0151999 -0.0151618 -0.0151239 -0.0150863 -0.0150489 -0.0150117 -0.0149749 -0.0149383 -0.0149021 -0.0148662 -0.0148307 -0.0147956 -0.0147609 -0.0147266 -0.0146928 -0.0146596 -0.0146268 -0.0145946 -0.0145629 -0.0145319 -0.0145015 -0.0144717 -0.0144427 -0.0144143 -0.0143867 -0.0143599 -0.0143338 -0.0143086 -0.0142843 -0.0142608 -0.0142382 -0.0142166 -0.0141959 -0.0141763 -0.0141576 -0.01414 -0.0141234 -0.014108 -0.0140936 -0.0140804 -0.0140683 -0.0140573 -0.0140476 -0.014039 -0.0140316 -0.0140254 -0.0140205 -0.0140168 -0.0140143 -0.0140131 -0.0140131 -0.0140143 -0.0140168 -0.0140205 -0.0140254 -0.0140316 -0.014039 -0.0140476 -0.0140573 -0.0140683 -0.0140804 -0.0140936 -0.014108 -0.0141234 -0.01414 -0.0141576 -0.0141763 -0.0141959 -0.0142166 -0.0142382 -0.0142608 -0.0142843 -0.0143086 -0.0143338 -0.0143599 -0.0143867 -0.0144143 -0.0144427 -0.0144717 -0.0145015 -0.0145319 -0.0145629 -0.0145946 -0.0146268 -0.0146596 -0.0146928 -0.0147266 -0.0147609 -0.0147956 -0.0148307 -0.0148662 -0.0149021 -0.0149383 -0.0149749 -0.0150117 -0.0150489 -0.0150863 -0.0151239 -0.0151618 -0.0151999 -0.0152382 -0.0152766 -0.0153152 -0.0153539 -0.0153928 -0.0154317 -0.0154708 -0.01551 -0.0155492 -0.0155884 -0.0156277 -0.0156671 -0.0157064 -0.0157458 
-0.0157064 -0.0156665 -0.0156267 -0.0155868 -0.0155469 -0.0155071 -0.0154673 -0.0154276 -0.015388 -0.0153484 -0.0153089 -0.0152696 -0.0152304 -0.0151913 -0.0151524 -0.0151137 -0.0150751 -0.0150368 -0.0149987 -0.0149609 -0.0149234 -0.0148861 -0.0148492 -0.0148126 -0.0147764 -0.0147406 -0.0147052 -0.0146702 -0.0146357 -0.0146017 -0.0145682 -0.0145353 -0.014503 -0.0144712 -0.0144401 -0.0144097 -0.0143799 -0.0143509 -0.0143226 -0.0142951 -0.0142684 -0.0142426 -0.0142176 -0.0141936 -0.0141704 -0.0141482 -0.014127 -0.0141068 -0.0140877 -0.0140696 -0.0140526 -0.0140367 -0.0140219 -0.0140083 -0.0139959 -0.0139846 -0.0139746 -0.0139658 -0.0139582 -0.0139519 -0.0139468 -0.013943 -0.0139404 -0.0139392 -0.0139392 -0.0139404 -0.013943 -0.0139468 -0.0139519 -0.0139582 -0.0139658 -0.0139746 -0.0139846 -0.0139959 -0.0140083 -0.0140219 -0.0140367 -0.0140526 -0.0140696 -0.0140877 -0.0141068 -0.014127 -0.0141482 -0.0141704 -0.0141936 -0.0142176 -0.0142426 -0.0142684 -0.0142951 -0.0143226 -0.0143509 -0.0143799 -0.0144097 -0.0144401 -0.0144712 -0.014503 -0.0145353 -0.0145682 -0.0146017 -0.0146357 -0.0146702 -0.0147052 -0.0147406 -0.0147764 -0.0148126 -0.0148492 -0.0148861 -0.0149234 -0.0149609 -0.0149987 -0.0150368 -0.0150751 -0.0151137 -0.0151524 -0.0151913 -0.0152304 -0.0152696 -0.0153089 -0.0153484 -0.015388 -0.0154276 -0.0154673 -0.0155071 -0.0155469 -0.0155868 -0.0156267 -0.0156665 -0.0157064 
-0.0156671 -0.0156267 -0.0155862 -0.0155458 -0.0155054 -0.015465 -0.0154247 -0.0153843 -0.0153441 -0.0153039 -0.0152638 -0.0152239 -0.015184 -0.0151443 -0.0151047 -0.0150653 -0.0150261 -0.0149871 -0.0149483 -0.0149098 -0.0148716 -0.0148336 -0.014796 -0.0147587 -0.0147217 -0.0146852 -0.014649 -0.0146133 -0.0145781 -0.0145434 -0.0145091 -0.0144755 -0.0144424 -0.0144099 -0.0143781 -0.0143469 -0.0143165 -0.0142867 -0.0142578 -0.0142296 -0.0142022 -0.0141757 -0.0141501 -0.0141254 -0.0141017 -0.0140789 -0.0140571 -0.0140364 -0.0140167 -0.0139981 -0.0139806 -0.0139643 -0.0139491 -0.0139351 -0.0139223 -0.0139108 -0.0139004 -0.0138914 -0.0138836 -0.013877 -0.0138718 -0.0138679 -0.0138653 -0.0138639 -0.0138639 -0.0138653 -0.0138679 -0.0138718 -0.013877 -0.0138836 -0.0138914 -0.0139004 -0.0139108 -0.0139223 -0.0139351 -0.0139491 -0.0139643 -0.0139806 -0.0139981 -0.0140167 -0.0140364 -0.0140571 -0.0140789 -0.0141017 -0.0141254 -0.0141501 -0.0141757 -0.0142022 -0.0142296 -0.0142578 -0.0142867 -0.0143165 -0.0143469 -0.0143781 -0.0144099 -0.0144424 -0.0144755 -0.0145092 -0.0145434 -0.0145781 -0.0146133 -0.014649 -0.0146852 -0.0147217 -0.0147587 -0.014796 -0.0148336 -0.0148716 -0.0149098 -0.0149483 -0.0149871 -0.0150261 -0.0150653 -0.0151047 -0.0151443 -0.015184 -0.0152239 -0.0152638 -0.0153039 -0.0153441 -0.0153843 -0.0154247 -0.015465 -0.0155054 -0.0155458 -0.0155862 -0.0156267 -0.0156671 
-0.0156277 -0.0155868 -0.0155458 -0.0155048 -0.0154638 -0.0154229 -0.0153819 -0.015341 -0.0153002 -0.0152594 -0.0152186 -0.015178 -0.0151375 -0.0150971 -0.0150569 -0.0150168 -0.0149769 -0.0149372 -0.0148977 -0.0148584 -0.0148195 -0.0147808 -0.0147424 -0.0147043 -0.0146667 -0.0146293 -0.0145924 -0.014556 -0.01452 -0.0144845 -0.0144495 -0.0144151 -0.0143812 -0.014348 -0.0143154 -0.0142835 -0.0142523 -0.0142218 -0.0141921 -0.0141632 -0.0141351 -0.014108 -0.0140817 -0.0140563 -0.0140319 -0.0140085 -0.0139862 -0.0139648 -0.0139446 -0.0139255 -0.0139075 -0.0138907 -0.0138751 -0.0138607 -0.0138475 -0.0138356 -0.013825 -0.0138157 -0.0138076 -0.0138009 -0.0137955 -0.0137915 -0.0137888 -0.0137874 -0.0137874 -0.0137888 -0.0137915 -0.0137955 -0.0138009 -0.0138076 -0.0138157 -0.013825 -0.0138356 -0.0138475 -0.0138607 -0.0138751 -0.0138907 -0.0139075 -0.0139255 -0.0139446 -0.0139648 -0.0139862 -0.0140085 -0.0140319 -0.0140563 -0.0140817 -0.014108 -0.0141351 -0.0141632 -0.0141921 -0.0142218 -0.0142523 -0.0142835 -0.0143154 -0.014348 -0.0143812 -0.0144151 -0.0144495 -0.0144845 -0.01452 -0.014556 -0.0145924 -0.0146293 -0.0146667 -0.0147043 -0.0147424 -0.0147808 -0.0148195 -0.0148584 -0.0148977 -0.0149372 -0.0149769 -0.0150168 -0.0150569 -0.0150971 -0.0151375 -0.015178 -0.0152186 -0.0152594 -0.0153002 -0.015341 -0.0153819 -0.0154229 -0.0154638 -0.0155048 -0.0155458 -0.0155868 -0.0156277 
-0.0155884 -0.0155469 -0.0155054 -0.0154638 -0.0154223 -0.0153807 -0.0153392 -0.0152976 -0.0152561 -0.0152147 -0.0151733 -0.0151321 -0.0150909 -0.0150498 -0.0150089 -0.0149681 -0.0149274 -0.014887 -0.0148468 -0.0148068 -0.0147671 -0.0147276 -0.0146885 -0.0146497 -0.0146112 -0.0145731 -0.0145354 -0.0144982 -0.0144614 -0.0144251 -0.0143893 -0.0143541 -0.0143194 -0.0142854 -0.014252 -0.0142193 -0.0141873 -0.0141561 -0.0141256 -0.014096 -0.0140672 -0.0140393 -0.0140123 -0.0139862 -0.0139612 -0.0139371 -0.0139141 -0.0138922 -0.0138714 -0.0138518 -0.0138333 -0.013816 -0.0137999 -0.0137851 -0.0137715 -0.0137592 -0.0137483 -0.0137387 -0.0137304 -0.0137235 -0.0137179 -0.0137137 -0.013711 -0.0137096 -0.0137096 -0.013711 -0.0137137 -0.0137179 -0.0137235 -0.0137304 -0.0137387 -0.0137483 -0.0137592 -0.0137715 -0.0137851 -0.0137999 -0.013816 -0.0138333 -0.0138518 -0.0138714 -0.0138922 -0.0139141 -0.0139371 -0.0139612 -0.0139862 -0.0140123 -0.0140393 -0.0140672 -0.014096 -0.0141256 -0.0141561 -0.0141873 -0.0142193 -0.014252 -0.0142854 -0.0143194 -0.0143541 -0.0143893 -0.0144251 -0.0144614 -0.0144982 -0.0145354 -0.0145731 -0.0146112 -0.0146497 -0.0146885 -0.0147276 -0.0147671 -0.0148068 -0.0148468 -0.014887 -0.0149274 -0.0149681 -0.0150089 -0.0150498 -0.0150909 -0.0151321 -0.0151733 -0.0152147 -0.0152561 -0.0152976 -0.0153392 -0.0153807 -0.0154223 -0.0154638 -0.0155054 -0.0155469 -0.0155884 
-0.0155492 -0.0155071 -0.015465 -0.0154229 -0.0153807 -0.0153385 -0.0152964 -0.0152542 -0.0152121 -0.01517 -0.015128 -0.015086 -0.0150441 -0.0150023 -0.0149607 -0.0149192 -0.0148778 -0.0148367 -0.0147957 -0.0147549 -0.0147144 -0.0146742 -0.0146343 -0.0145947 -0.0145554 -0.0145165 -0.014478 -0.0144399 -0.0144023 -0.0143652 -0.0143286 -0.0142925 -0.014257 -0.0142222 -0.014188 -0.0141545 -0.0141217 -0.0140896 -0.0140584 -0.0140279 -0.0139984 -0.0139697 -0.013942 -0.0139152 -0.0138894 -0.0138647 -0.0138411 -0.0138185 -0.0137971 -0.0137768 -0.0137578 -0.01374 -0.0137234 -0.0137081 -0.0136942 -0.0136815 -0.0136702 -0.0136603 -0.0136518 -0.0136446 -0.0136389 -0.0136346 -0.0136317 -0.0136303 -0.0136303 -0.0136317 -0.0136346 -0.0136389 -0.0136446 -0.0136518 -0.0136603 -0.0136702 -0.0136815 -0.0136942 -0.0137081 -0.0137234 -0.01374 -0.0137578 -0.0137768 -0.0137971 -0.0138185 -0.0138411 -0.0138647 -0.0138894 -0.0139152 -0.013942 -0.0139697 -0.0139984 -0.0140279 -0.0140584 -0.0140896 -0.0141217 -0.0141545 -0.014188 -0.0142222 -0.014257 -0.0142925 -0.0143286 -0.0143652 -0.0144023 -0.0144399 -0.014478 -0.0145165 -0.0145554 -0.0145947 -0.0146343 -0.0146742 -0.0147144 -0.0147549 -0.0147957 -0.0148367 -0.0148778 -0.0149192 -0.0149607 -0.0150023 -0.0150441 -0.015086 -0.015128 -0.01517 -0.0152121 -0.0152542 -0.0152964 -0.0153385 -0.0153807 -0.0154229 -0.015465 -0.0155071 -0.0155492 
-0.01551 -0.0154673 -0.0154247 -0.0153819 -0.0153392 -0.0152964 -0.0152536 -0.0152108 -0.015168 -0.0151252 -0.0150825 -0.0150399 -0.0149973 -0.0149548 -0.0149124 -0.0148701 -0.014828 -0.0147861 -0.0147444 -0.0147028 -0.0146615 -0.0146205 -0.0145797 -0.0145393 -0.0144992 -0.0144594 -0.0144201 -0.0143812 -0.0143427 -0.0143047 -0.0142673 -0.0142303 -0.014194 -0.0141583 -0.0141232 -0.0140889 -0.0140552 -0.0140224 -0.0139903 -0.013959 -0.0139287 -0.0138992 -0.0138707 -0.0138432 -0.0138167 -0.0137912 -0.0137669 -0.0137436 -0.0137216 -0.0137007 -0.0136811 -0.0136627 -0.0136457 -0.0136299 -0.0136155 -0.0136025 -0.0135908 -0.0135806 -0.0135718 -0.0135644 -0.0135585 -0.013554 -0.0135511 -0.0135496 -0.0135496 -0.0135511 -0.013554 -0.0135585 -0.0135644 -0.0135718 -0.0135806 -0.0135908 -0.0136025 -0.0136155 -0.0136299 -0.0136457 -0.0136627 -0.0136811 -0.0137007 -0.0137216 -0.0137436 -0.0137669 -0.0137912 -0.0138167 -0.0138432 -0.0138707 -0.0138992 -0.0139287 -0.013959 -0.0139903 -0.0140224 -0.0140552 -0.0140889 -0.0141232 -0.0141583 -0.014194 -0.0142303 -0.0142673 -0.0143047 -0.0143427 -0.0143812 -0.0144201 -0.0144594 -0.0144992 -0.0145393 -0.0145797 -0.0146205 -0.0146615 -0.0147028 -0.0147444 -0.0147861 -0.014828 -0.0148701 -0.0149124 -0.0149548 -0.0149973 -0.0150399 -0.0150825 -0.0151252 -0.015168 -0.0152108 -0.0152536 -0.0152964 -0.0153392 -0.0153819 -0.0154247 -0.0154673 -0.01551 
-0.0154708 -0.0154276 -0.0153843 -0.015341 -0.0152976 -0.0152542 -0.0152108 -0.0151673 -0.0151239 -0.0150804 -0.015037 -0.0149936 -0.0149503 -0.0149071 -0.014864 -0.0148209 -0.0147781 -0.0147353 -0.0146928 -0.0146505 -0.0146083 -0.0145665 -0.0145249 -0.0144836 -0.0144426 -0.014402 -0.0143618 -0.014322 -0.0142826 -0.0142438 -0.0142054 -0.0141676 -0.0141304 -0.0140938 -0.0140578 -0.0140226 -0.013988 -0.0139543 -0.0139213 -0.0138892 -0.013858 -0.0138277 -0.0137984 -0.0137701 -0.0137428 -0.0137166 -0.0136915 -0.0136676 -0.0136449 -0.0136234 -0.0136032 -0.0135842 -0.0135666 -0.0135503 -0.0135355 -0.013522 -0.01351 -0.0134994 -0.0134903 -0.0134827 -0.0134766 -0.013472 -0.0134689 -0.0134674 -0.0134674 -0.0134689 -0.013472 -0.0134766 -0.0134827 -0.0134903 -0.0134994 -0.01351 -0.013522 -0.0135355 -0.0135503 -0.0135666 -0.0135842 -0.0136032 -0.0136234 -0.0136449 -0.0136676 -0.0136915 -0.0137166 -0.0137428 -0.0137701 -0.0137984 -0.0138277 -0.013858 -0.0138892 -0.0139213 -0.0139543 -0.013988 -0.0140226 -0.0140578 -0.0140938 -0.0141304 -0.0141676 -0.0142054 -0.0142438 -0.0142826 -0.014322 -0.0143618 -0.014402 -0.0144426 -0.0144836 -0.0145249 -0.0145665 -0.0146083 -0.0146505 -0.0146928 -0.0147353 -0.0147781 -0.0148209 -0.014864 -0.0149071 -0.0149503 -0.0149936 -0.015037 -0.0150804 -0.0151239 -0.0151673 -0.0152108 -0.0152542 -0.0152976 -0.015341 -0.0153843 -0.0154276 -0.0154708 
-0.0154317 -0.015388 -0.0153441 -0.0153002 -0.0152561 -0.0152121 -0.015168 -0.0151239 -0.0150797 -0.0150356 -0.0149914 -0.0149474 -0.0149033 -0.0148593 -0.0148154 -0.0147716 -0.0147279 -0.0146844 -0.014641 -0.0145979 -0.0145549 -0.0145122 -0.0144697 -0.0144275 -0.0143857 -0.0143442 -0.0143031 -0.0142624 -0.0142221 -0.0141823 -0.014143 -0.0141043 -0.0140661 -0.0140286 -0.0139917 -0.0139555 -0.0139201 -0.0138854 -0.0138516 -0.0138186 -0.0137865 -0.0137553 -0.0137251 -0.013696 -0.0136679 -0.0136409 -0.0136151 -0.0135904 -0.013567 -0.0135448 -0.0135239 -0.0135044 -0.0134862 -0.0134694 -0.013454 -0.0134401 -0.0134277 -0.0134168 -0.0134074 -0.0133995 -0.0133932 -0.0133885 -0.0133853 -0.0133837 -0.0133837 -0.0133853 -0.0133885 -0.0133932 -0.0133995 -0.0134074 -0.0134168 -0.0134277 -0.0134401 -0.013454 -0.0134694 -0.0134862 -0.0135044 -0.0135239 -0.0135448 -0.013567 -0.0135904 -0.0136151 -0.0136409 -0.0136679 -0.013696 -0.0137251 -0.0137553 -0.0137865 -0.0138186 -0.0138516 -0.0138854 -0.0139201 -0.0139555 -0.0139917 -0.0140286 -0.0140661 -0.0141043 -0.014143 -0.0141823 -0.0142221 -0.0142624 -0.0143031 -0.0143442 -0.0143857 -0.0144275 -0.0144697 -0.0145122 -0.0145549 -0.0145979 -0.014641 -0.0146844 -0.0147279 -0.0147716 -0.0148154 -0.0148593 -0.0149033 -0.0149474 -0.0149914 -0.0150356 -0.0150797 -0.0151239 -0.015168 -0.0152121 -0.0152561 -0.0153002 -0.0153441 -0.015388 -0.0154317 
-0.0153928 -0.0153484 -0.0153039 -0.0152594 -0.0152147 -0.01517 -0.0151252 -0.0150804 -0.0150356 -0.0149907 -0.0149459 -0.014901 -0.0148562 -0.0148115 -0.0147668 -0.0147222 -0.0146777 -0.0146333 -0.0145891 -0.0145451 -0.0145012 -0.0144576 -0.0144143 -0.0143712 -0.0143284 -0.014286 -0.0142439 -0.0142023 -0.0141611 -0.0141203 -0.0140801 -0.0140404 -0.0140012 -0.0139627 -0.0139249 -0.0138877 -0.0138513 -0.0138157 -0.0137809 -0.013747 -0.013714 -0.0136819 -0.0136508 -0.0136208 -0.0135919 -0.013564 -0.0135374 -0.013512 -0.0134878 -0.0134649 -0.0134433 -0.0134231 -0.0134044 -0.013387 -0.0133711 -0.0133568 -0.0133439 -0.0133326 -0.0133229 -0.0133147 -0.0133082 -0.0133033 -0.0133 -0.0132984 -0.0132984 -0.0133 -0.0133033 -0.0133082 -0.0133147 -0.0133229 -0.0133326 -0.0133439 -0.0133568 -0.0133711 -0.013387 -0.0134044 -0.0134231 -0.0134433 -0.0134649 -0.0134878 -0.013512 -0.0135374 -0.013564 -0.0135919 -0.0136208 -0.0136508 -0.0136819 -0.013714 -0.013747 -0.0137809 -0.0138157 -0.0138513 -0.0138877 -0.0139249 -0.0139627 -0.0140012 -0.0140404 -0.0140801 -0.0141203 -0.0141611 -0.0142023 -0.0142439 -0.014286 -0.0143284 -0.0143712 -0.0144143 -0.0144576 -0.0145012 -0.0145451 -0.0145891 -0.0146333 -0.0146777 -0.0147222 -0.0147668 -0.0148115 -0.0148562 -0.014901 -0.0149459 -0.0149907 -0.0150356 -0.0150804 -0.0151252 -0.01517 -0.0152147 -0.0152594 -0.0153039 -0.0153484 -0.0153928 
-0.0153539 -0.0153089 -0.0152638 -0.0152186 -0.0151733 -0.015128 -0.0150825 -0.015037 -0.0149914 -0.0149459 -0.0149003 -0.0148547 -0.0148091 -0.0147635 -0.014718 -0.0146726 -0.0146273 -0.0145821 -0.014537 -0.0144921 -0.0144473 -0.0144028 -0.0143585 -0.0143145 -0.0142708 -0.0142274 -0.0141844 -0.0141418 -0.0140996 -0.0140578 -0.0140166 -0.0139759 -0.0139357 -0.0138962 -0.0138574 -0.0138192 -0.0137818 -0.0137452 -0.0137094 -0.0136745 -0.0136405 -0.0136075 -0.0135755 -0.0135445 -0.0135147 -0.013486 -0.0134585 -0.0134323 -0.0134073 -0.0133837 -0.0133614 -0.0133405 -0.0133211 -0.0133032 -0.0132867 -0.0132719 -0.0132586 -0.0132469 -0.0132368 -0.0132284 -0.0132216 -0.0132165 -0.0132132 -0.0132115 -0.0132115 -0.0132132 -0.0132165 -0.0132216 -0.0132284 -0.0132368 -0.0132469 -0.0132586 -0.0132719 -0.0132867 -0.0133032 -0.0133211 -0.0133405 -0.0133614 -0.0133837 -0.0134073 -0.0134323 -0.0134585 -0.013486 -0.0135147 -0.0135445 -0.0135755 -0.0136075 -0.0136405 -0.0136745 -0.0137094 -0.0137452 -0.0137818 -0.0138192 -0.0138574 -0.0138962 -0.0139357 -0.0139759 -0.0140166 -0.0140578 -0.0140996 -0.0141418 -0.0141844 -0.0142274 -0.0142708 -0.0143145 -0.0143585 -0.0144028 -0.0144473 -0.0144921 -0.014537 -0.0145821 -0.0146273 -0.0146726 -0.014718 -0.0147635 -0.0148091 -0.0148547 -0.0149003 -0.0149459 -0.0149914 -0.015037 -0.0150825 -0.015128 -0.0151733 -0.0152186 -0.0152638 -0.0153089 -0.0153539 
-0.0153152 -0.0152696 -0.0152239 -0.015178 -0.0151321 -0.015086 -0.0150399 -0.0149936 -0.0149474 -0.014901 -0.0148547 -0.0148083 -0.0147619 -0.0147156 -0.0146692 -0.014623 -0.0145768 -0.0145307 -0.0144847 -0.0144389 -0.0143932 -0.0143478 -0.0143025 -0.0142576 -0.0142129 -0.0141685 -0.0141245 -0.0140808 -0.0140376 -0.0139948 -0.0139525 -0.0139108 -0.0138696 -0.0138291 -0.0137892 -0.01375 -0.0137115 -0.0136739 -0.013637 -0.0136011 -0.0135661 -0.0135321 -0.0134991 -0.0134672 -0.0134364 -0.0134068 -0.0133784 -0.0133513 -0.0133255 -0.013301 -0.013278 -0.0132564 -0.0132364 -0.0132178 -0.0132008 -0.0131854 -0.0131716 -0.0131595 -0.0131491 -0.0131404 -0.0131334 -0.0131281 -0.0131246 -0.0131228 -0.0131228 -0.0131246 -0.0131281 -0.0131334 -0.0131404 -0.0131491 -0.0131595 -0.0131716 -0.0131854 -0.0132008 -0.0132178 -0.0132364 -0.0132564 -0.013278 -0.013301 -0.0133255 -0.0133513 -0.0133784 -0.0134068 -0.0134364 -0.0134672 -0.0134991 -0.0135321 -0.0135661 -0.0136011 -0.013637 -0.0136739 -0.0137115 -0.01375 -0.0137892 -0.0138291 -0.0138696 -0.0139108 -0.0139525 -0.0139948 -0.0140376 -0.0140808 -0.0141245 -0.0141685 -0.0142129 -0.0142576 -0.0143025 -0.0143478 -0.0143932 -0.0144389 -0.0144847 -0.0145307 -0.0145768 -0.014623 -0.0146692 -0.0147156 -0.0147619 -0.0148083 -0.0148547 -0.014901 -0.0149474 -0.0149936 -0.0150399 -0.015086 -0.0151321 -0.015178 -0.0152239 -0.0152696 -0.0153152 
-0.0152766 -0.0152304 -0.015184 -0.0151375 -0.0150909 -0.0150441 -0.0149973 -0.0149503 -0.0149033 -0.0148562 -0.0148091 -0.0147619 -0.0147147 -0.0146675 -0.0146204 -0.0145732 -0.0145262 -0.0144792 -0.0144323 -0.0143855 -0.0143389 -0.0142925 -0.0142463 -0.0142003 -0.0141546 -0.0141092 -0.0140642 -0.0140195 -0.0139752 -0.0139313 -0.013888 -0.0138452 -0.0138029 -0.0137612 -0.0137203 -0.01368 -0.0136404 -0.0136017 -0.0135638 -0.0135268 -0.0134907 -0.0134556 -0.0134216 -0.0133887 -0.0133569 -0.0133263 -0.013297 -0.013269 -0.0132423 -0.013217 -0.0131932 -0.0131709 -0.0131501 -0.0131309 -0.0131133 -0.0130973 -0.013083 -0.0130705 -0.0130597 -0.0130506 -0.0130434 -0.0130379 -0.0130342 -0.0130324 -0.0130324 -0.0130342 -0.0130379 -0.0130434 -0.0130506 -0.0130597 -0.0130705 -0.013083 -0.0130973 -0.0131133 -0.0131309 -0.0131501 -0.0131709 -0.0131932 -0.013217 -0.0132423 -0.013269 -0.013297 -0.0133263 -0.0133569 -0.0133887 -0.0134216 -0.0134556 -0.0134907 -0.0135268 -0.0135638 -0.0136017 -0.0136404 -0.01368 -0.0137203 -0.0137612 -0.0138029 -0.0138452 -0.013888 -0.0139313 -0.0139752 -0.0140195 -0.0140642 -0.0141092 -0.0141546 -0.0142003 -0.0142463 -0.0142925 -0.0143389 -0.0143855 -0.0144323 -0.0144792 -0.0145262 -0.0145732 -0.0146204 -0.0146675 -0.0147147 -0.0147619 -0.0148091 -0.0148562 -0.0149033 -0.0149503 -0.0149973 -0.0150441 -0.0150909 -0.0151375 -0.015184 -0.0152304 -0.0152766 
-0.0152382 -0.0151913 -0.0151443 -0.0150971 -0.0150498 -0.0150023 -0.0149548 -0.0149071 -0.0148593 -0.0148115 -0.0147635 -0.0147156 -0.0146675 -0.0146195 -0.0145715 -0.0145234 -0.0144755 -0.0144276 -0.0143797 -0.014332 -0.0142844 -0.014237 -0.0141898 -0.0141428 -0.0140961 -0.0140496 -0.0140035 -0.0139577 -0.0139123 -0.0138674 -0.0138229 -0.013779 -0.0137356 -0.0136928 -0.0136506 -0.0136092 -0.0135685 -0.0135286 -0.0134896 -0.0134515 -0.0134143 -0.0133781 -0.013343 -0.013309 -0.0132762 -0.0132446 -0.0132143 -0.0131853 -0.0131577 -0.0131316 -0.0131069 -0.0130838 -0.0130622 -0.0130423 -0.0130241 -0.0130075 -0.0129927 -0.0129797 -0.0129685 -0.0129591 -0.0129515 -0.0129459 -0.0129421 -0.0129402 -0.0129402 -0.0129421 -0.0129459 -0.0129515 -0.0129591 -0.0129685 -0.0129797 -0.0129927 -0.0130075 -0.0130241 -0.0130423 -0.0130622 -0.0130838 -0.0131069 -0.0131316 -0.0131577 -0.0131853 -0.0132143 -0.0132446 -0.0132762 -0.013309 -0.013343 -0.0133781 -0.0134143 -0.0134515 -0.0134896 -0.0135286 -0.0135685 -0.0136092 -0.0136506 -0.0136928 -0.0137356 -0.013779 -0.0138229 -0.0138674 -0.0139123 -0.0139577 -0.0140035 -0.0140496 -0.0140961 -0.0141428 -0.0141898 -0.014237 -0.0142844 -0.014332 -0.0143797 -0.0144276 -0.0144755 -0.0145234 -0.0145715 -0.0146195 -0.0146675 -0.0147156 -0.0147635 -0.0148115 -0.0148593 -0.0149071 -0.0149548 -0.0150023 -0.0150498 -0.0150971 -0.0151443 -0.0151913 -0.0152382 
-0.0151999 -0.0151524 -0.0151047 -0.0150569 -0.0150089 -0.0149607 -0.0149124 -0.014864 -0.0148154 -0.0147668 -0.014718 -0.0146692 -0.0146204 -0.0145715 -0.0145225 -0.0144736 -0.0144247 -0.0143759 -0.0143271 -0.0142784 -0.0142298 -0.0141814 -0.0141331 -0.014085 -0.0140372 -0.0139897 -0.0139424 -0.0138955 -0.013849 -0.0138029 -0.0137573 -0.0137122 -0.0136676 -0.0136236 -0.0135803 -0.0135377 -0.0134958 -0.0134548 -0.0134145 -0.0133752 -0.0133369 -0.0132996 -0.0132633 -0.0132282 -0.0131943 -0.0131616 -0.0131303 -0.0131003 -0.0130717 -0.0130446 -0.0130191 -0.0129951 -0.0129728 -0.0129521 -0.0129332 -0.012916 -0.0129006 -0.0128871 -0.0128755 -0.0128657 -0.0128579 -0.012852 -0.012848 -0.0128461 -0.0128461 -0.012848 -0.012852 -0.0128579 -0.0128657 -0.0128755 -0.0128871 -0.0129006 -0.012916 -0.0129332 -0.0129521 -0.0129728 -0.0129951 -0.0130191 -0.0130446 -0.0130717 -0.0131003 -0.0131303 -0.0131616 -0.0131943 -0.0132282 -0.0132633 -0.0132996 -0.0133369 -0.0133752 -0.0134145 -0.0134548 -0.0134958 -0.0135377 -0.0135803 -0.0136236 -0.0136676 -0.0137122 -0.0137573 -0.0138029 -0.013849 -0.0138955 -0.0139424 -0.0139897 -0.0140372 -0.014085 -0.0141331 -0.0141814 -0.0142298 -0.0142784 -0.0143271 -0.0143759 -0.0144247 -0.0144736 -0.0145225 -0.0145715 -0.0146204 -0.0146692 -0.014718 -0.0147668 -0.0148154 -0.014864 -0.0149124 -0.0149607 -0.0150089 -0.0150569 -0.0151047 -0.0151524 -0.0151999 
-0.0151618 -0.0151137 -0.0150653 -0.0150168 -0.0149681 -0.0149192 -0.0148701 -0.0148209 -0.0147716 -0.0147222 -0.0146726 -0.014623 -0.0145732 -0.0145234 -0.0144736 -0.0144238 -0.0143739 -0.0143241 -0.0142743 -0.0142246 -0.014175 -0.0141255 -0.0140762 -0.014027 -0.0139781 -0.0139294 -0.013881 -0.013833 -0.0137853 -0.013738 -0.0136912 -0.0136449 -0.0135991 -0.0135539 -0.0135093 -0.0134654 -0.0134223 -0.01338 -0.0133386 -0.013298 -0.0132585 -0.0132199 -0.0131825 -0.0131462 -0.0131111 -0.0130773 -0.0130449 -0.0130138 -0.0129842 -0.0129562 -0.0129297 -0.0129048 -0.0128816 -0.0128602 -0.0128405 -0.0128227 -0.0128067 -0.0127926 -0.0127805 -0.0127704 -0.0127622 -0.0127561 -0.012752 -0.01275 -0.01275 -0.012752 -0.0127561 -0.0127622 -0.0127704 -0.0127805 -0.0127926 -0.0128067 -0.0128227 -0.0128405 -0.0128602 -0.0128816 -0.0129048 -0.0129297 -0.0129562 -0.0129842 -0.0130138 -0.0130449 -0.0130773 -0.0131111 -0.0131462 -0.0131825 -0.0132199 -0.0132585 -0.013298 -0.0133386 -0.01338 -0.0134223 -0.0134655 -0.0135093 -0.0135539 -0.0135991 -0.0136449 -0.0136912 -0.013738 -0.0137853 -0.013833 -0.013881 -0.0139294 -0.0139781 -0.014027 -0.0140762 -0.0141255 -0.014175 -0.0142246 -0.0142743 -0.0143241 -0.0143739 -0.0144238 -0.0144736 -0.0145234 -0.0145732 -0.014623 -0.0146726 -0.0147222 -0.0147716 -0.0148209 -0.0148701 -0.0149192 -0.0149681 -0.0150168 -0.0150653 -0.0151137 -0.0151618 
-0.0151239 -0.0150751 -0.0150261 -0.0149769 -0.0149274 -0.0148778 -0.014828 -0.0147781 -0.0147279 -0.0146777 -0.0146273 -0.0145768 -0.0145262 -0.0144755 -0.0144247 -0.0143739 -0.0143231 -0.0142723 -0.0142215 -0.0141707 -0.0141201 -0.0140695 -0.0140191 -0.0139688 -0.0139187 -0.0138689 -0.0138193 -0.0137701 -0.0137212 -0.0136727 -0.0136246 -0.013577 -0.0135299 -0.0134835 -0.0134376 -0.0133924 -0.013348 -0.0133044 -0.0132617 -0.0132198 -0.013179 -0.0131392 -0.0131005 -0.013063 -0.0130267 -0.0129917 -0.0129581 -0.0129259 -0.0128952 -0.0128661 -0.0128386 -0.0128128 -0.0127887 -0.0127664 -0.012746 -0.0127275 -0.0127109 -0.0126962 -0.0126836 -0.0126731 -0.0126646 -0.0126582 -0.012654 -0.0126518 -0.0126518 -0.012654 -0.0126582 -0.0126646 -0.0126731 -0.0126836 -0.0126962 -0.0127109 -0.0127275 -0.012746 -0.0127664 -0.0127887 -0.0128128 -0.0128386 -0.0128661 -0.0128952 -0.0129259 -0.0129581 -0.0129917 -0.0130267 -0.013063 -0.0131005 -0.0131392 -0.013179 -0.0132198 -0.0132617 -0.0133044 -0.013348 -0.0133925 -0.0134376 -0.0134835 -0.0135299 -0.013577 -0.0136246 -0.0136727 -0.0137212 -0.0137701 -0.0138193 -0.0138689 -0.0139187 -0.0139688 -0.0140191 -0.0140695 -0.0141201 -0.0141707 -0.0142215 -0.0142723 -0.0143231 -0.0143739 -0.0144247 -0.0144755 -0.0145262 -0.0145768 -0.0146273 -0.0146777 -0.0147279 -0.0147781 -0.014828 -0.0148778 -0.0149274 -0.0149769 -0.0150261 -0.0150751 -0.0151239 
-0.0150863 -0.0150368 -0.0149871 -0.0149372 -0.014887 -0.0148367 -0.0147861 -0.0147353 -0.0146844 -0.0146333 -0.0145821 -0.0145307 -0.0144792 -0.0144276 -0.0143759 -0.0143241 -0.0142723 -0.0142205 -0.0141686 -0.0141168 -0.014065 -0.0140134 -0.0139618 -0.0139104 -0.0138591 -0.0138081 -0.0137573 -0.0137068 -0.0136567 -0.0136069 -0.0135575 -0.0135086 -0.0134602 -0.0134124 -0.0133652 -0.0133187 -0.0132729 -0.013228 -0.0131839 -0.0131407 -0.0130985 -0.0130574 -0.0130173 -0.0129785 -0.0129409 -0.0129047 -0.0128699 -0.0128365 -0.0128047 -0.0127745 -0.0127459 -0.0127191 -0.012694 -0.0126709 -0.0126496 -0.0126303 -0.012613 -0.0125978 -0.0125847 -0.0125737 -0.0125649 -0.0125582 -0.0125538 -0.0125516 -0.0125516 -0.0125538 -0.0125582 -0.0125649 -0.0125737 -0.0125847 -0.0125978 -0.012613 -0.0126303 -0.0126496 -0.0126709 -0.012694 -0.0127191 -0.0127459 -0.0127745 -0.0128047 -0.0128365 -0.0128699 -0.0129047 -0.0129409 -0.0129785 -0.0130173 -0.0130574 -0.0130985 -0.0131407 -0.0131839 -0.013228 -0.0132729 -0.0133187 -0.0133652 -0.0134124 -0.0134602 -0.0135086 -0.0135575 -0.0136069 -0.0136567 -0.0137068 -0.0137573 -0.0138081 -0.0138591 -0.0139104 -0.0139618 -0.0140134 -0.0140651 -0.0141168 -0.0141686 -0.0142205 -0.0142723 -0.0143241 -0.0143759 -0.0144276 -0.0144792 -0.0145307 -0.0145821 -0.0146333 -0.0146844 -0.0147353 -0.0147861 -0.0148367 -0.014887 -0.0149372 -0.0149871 -0.0150368 -0.0150863 
-0.0150489 -0.0149987 -0.0149483 -0.0148977 -0.0148468 -0.0147957 -0.0147444 -0.0146928 -0.014641 -0.0145891 -0.014537 -0.0144847 -0.0144323 -0.0143797 -0.0143271 -0.0142743 -0.0142215 -0.0141686 -0.0141157 -0.0140628 -0.0140099 -0.0139571 -0.0139044 -0.0138518 -0.0137993 -0.013747 -0.013695 -0.0136432 -0.0135918 -0.0135406 -0.0134899 -0.0134397 -0.0133899 -0.0133407 -0.0132921 -0.0132442 -0.013197 -0.0131507 -0.0131051 -0.0130605 -0.0130169 -0.0129744 -0.012933 -0.0128928 -0.0128539 -0.0128163 -0.0127802 -0.0127456 -0.0127125 -0.0126811 -0.0126514 -0.0126235 -0.0125975 -0.0125734 -0.0125513 -0.0125312 -0.0125132 -0.0124973 -0.0124836 -0.0124722 -0.0124629 -0.012456 -0.0124514 -0.0124491 -0.0124491 -0.0124514 -0.012456 -0.012463 -0.0124722 -0.0124836 -0.0124973 -0.0125132 -0.0125312 -0.0125513 -0.0125734 -0.0125975 -0.0126235 -0.0126514 -0.0126811 -0.0127125 -0.0127456 -0.0127802 -0.0128163 -0.0128539 -0.0128928 -0.012933 -0.0129744 -0.0130169 -0.0130605 -0.0131051 -0.0131507 -0.013197 -0.0132442 -0.0132921 -0.0133407 -0.0133899 -0.0134397 -0.0134899 -0.0135406 -0.0135918 -0.0136432 -0.013695 -0.013747 -0.0137993 -0.0138518 -0.0139044 -0.0139571 -0.0140099 -0.0140628 -0.0141157 -0.0141686 -0.0142215 -0.0142743 -0.0143271 -0.0143797 -0.0144323 -0.0144847 -0.014537 -0.0145891 -0.014641 -0.0146928 -0.0147444 -0.0147957 -0.0148468 -0.0148977 -0.0149483 -0.0149987 -0.0150489 
-0.0150117 -0.0149609 -0.0149098 -0.0148584 -0.0148068 -0.0147549 -0.0147028 -0.0146505 -0.0145979 -0.0145451 -0.0144921 -0.0144389 -0.0143855 -0.014332 -0.0142784 -0.0142246 -0.0141707 -0.0141168 -0.0140628 -0.0140088 -0.0139548 -0.0139008 -0.0138469 -0.013793 -0.0137393 -0.0136858 -0.0136324 -0.0135793 -0.0135265 -0.013474 -0.0134219 -0.0133703 -0.0133191 -0.0132684 -0.0132184 -0.013169 -0.0131204 -0.0130725 -0.0130255 -0.0129794 -0.0129343 -0.0128903 -0.0128474 -0.0128058 -0.0127654 -0.0127265 -0.012689 -0.012653 -0.0126187 -0.0125861 -0.0125552 -0.0125262 -0.0124991 -0.0124739 -0.0124509 -0.0124299 -0.0124111 -0.0123946 -0.0123803 -0.0123684 -0.0123587 -0.0123515 -0.0123467 -0.0123443 -0.0123443 -0.0123467 -0.0123515 -0.0123587 -0.0123684 -0.0123803 -0.0123946 -0.0124111 -0.0124299 -0.0124509 -0.0124739 -0.0124991 -0.0125262 -0.0125552 -0.0125861 -0.0126187 -0.012653 -0.012689 -0.0127265 -0.0127654 -0.0128058 -0.0128474 -0.0128903 -0.0129343 -0.0129794 -0.0130255 -0.0130725 -0.0131204 -0.013169 -0.0132184 -0.0132684 -0.0133191 -0.0133703 -0.0134219 -0.013474 -0.0135265 -0.0135793 -0.0136324 -0.0136858 -0.0137393 -0.013793 -0.0138469 -0.0139008 -0.0139548 -0.0140088 -0.0140628 -0.0141168 -0.0141707 -0.0142246 -0.0142784 -0.014332 -0.0143855 -0.0144389 -0.0144921 -0.0145451 -0.0145979 -0.0146505 -0.0147028 -0.0147549 -0.0148068 -0.0148584 -0.0149098 -0.0149609 -0.0150117 
-0.0149749 -0.0149234 -0.0148716 -0.0148195 -0.0147671 -0.0147144 -0.0146615 -0.0146083 -0.0145549 -0.0145012 -0.0144473 -0.0143932 -0.0143389 -0.0142844 -0.0142298 -0.014175 -0.0141201 -0.014065 -0.0140099 -0.0139548 -0.0138996 -0.0138444 -0.0137892 -0.0137341 -0.0136792 -0.0136243 -0.0135696 -0.0135151 -0.0134609 -0.013407 -0.0133535 -0.0133004 -0.0132477 -0.0131955 -0.013144 -0.0130931 -0.0130429 -0.0129934 -0.0129449 -0.0128972 -0.0128506 -0.012805 -0.0127606 -0.0127175 -0.0126756 -0.0126352 -0.0125963 -0.0125589 -0.0125232 -0.0124892 -0.0124571 -0.0124269 -0.0123986 -0.0123724 -0.0123484 -0.0123265 -0.0123069 -0.0122896 -0.0122747 -0.0122622 -0.0122522 -0.0122446 -0.0122396 -0.012237 -0.012237 -0.0122396 -0.0122446 -0.0122522 -0.0122622 -0.0122747 -0.0122896 -0.0123069 -0.0123265 -0.0123484 -0.0123724 -0.0123986 -0.0124269 -0.0124571 -0.0124892 -0.0125232 -0.0125589 -0.0125963 -0.0126352 -0.0126756 -0.0127175 -0.0127606 -0.012805 -0.0128506 -0.0128972 -0.0129449 -0.0129935 -0.0130429 -0.0130931 -0.013144 -0.0131955 -0.0132477 -0.0133004 -0.0133535 -0.013407 -0.0134609 -0.0135151 -0.0135696 -0.0136243 -0.0136792 -0.0137341 -0.0137892 -0.0138444 -0.0138996 -0.0139548 -0.0140099 -0.0140651 -0.0141201 -0.014175 -0.0142298 -0.0142844 -0.0143389 -0.0143932 -0.0144473 -0.0145012 -0.0145549 -0.0146083 -0.0146615 -0.0147144 -0.0147671 -0.0148195 -0.0148716 -0.0149234 -0.0149749 
-0.0149383 -0.0148861 -0.0148336 -0.0147808 -0.0147276 -0.0146742 -0.0146205 -0.0145665 -0.0145122 -0.0144576 -0.0144028 -0.0143478 -0.0142925 -0.014237 -0.0141814 -0.0141255 -0.0140695 -0.0140134 -0.0139571 -0.0139008 -0.0138444 -0.013788 -0.0137316 -0.0136752 -0.0136188 -0.0135626 -0.0135066 -0.0134507 -0.013395 -0.0133397 -0.0132846 -0.01323 -0.0131758 -0.0131221 -0.0130689 -0.0130164 -0.0129646 -0.0129136 -0.0128634 -0.0128141 -0.0127658 -0.0127186 -0.0126726 -0.0126278 -0.0125844 -0.0125424 -0.0125019 -0.0124631 -0.0124259 -0.0123906 -0.0123571 -0.0123256 -0.0122961 -0.0122688 -0.0122437 -0.0122208 -0.0122003 -0.0121823 -0.0121667 -0.0121536 -0.0121431 -0.0121352 -0.0121299 -0.0121273 -0.0121273 -0.0121299 -0.0121352 -0.0121431 -0.0121536 -0.0121667 -0.0121823 -0.0122003 -0.0122208 -0.0122437 -0.0122688 -0.0122961 -0.0123256 -0.0123571 -0.0123906 -0.0124259 -0.0124631 -0.0125019 -0.0125424 -0.0125844 -0.0126278 -0.0126726 -0.0127186 -0.0127658 -0.0128141 -0.0128634 -0.0129136 -0.0129646 -0.0130164 -0.0130689 -0.0131221 -0.0131758 -0.01323 -0.0132846 -0.0133397 -0.013395 -0.0134507 -0.0135066 -0.0135626 -0.0136189 -0.0136752 -0.0137316 -0.013788 -0.0138444 -0.0139008 -0.0139571 -0.0140134 -0.0140695 -0.0141255 -0.0141814 -0.014237 -0.0142925 -0.0143478 -0.0144028 -0.0144576 -0.0145122 -0.0145665 -0.0146205 -0.0146742 -0.0147276 -0.0147808 -0.0148336 -0.0148861 -0.0149383 
-0.0149021 -0.0148492 -0.014796 -0.0147424 -0.0146885 -0.0146343 -0.0145797 -0.0145249 -0.0144697 -0.0144143 -0.0143585 -0.0143025 -0.0142463 -0.0141898 -0.0141331 -0.0140762 -0.0140191 -0.0139618 -0.0139044 -0.0138469 -0.0137892 -0.0137316 -0.0136738 -0.0136161 -0.0135584 -0.0135008 -0.0134433 -0.013386 -0.0133289 -0.013272 -0.0132154 -0.0131592 -0.0131034 -0.013048 -0.0129932 -0.0129391 -0.0128856 -0.0128328 -0.0127809 -0.0127299 -0.01268 -0.0126311 -0.0125833 -0.0125369 -0.0124918 -0.0124481 -0.012406 -0.0123656 -0.0123269 -0.01229 -0.0122551 -0.0122222 -0.0121915 -0.0121629 -0.0121367 -0.0121128 -0.0120914 -0.0120725 -0.0120561 -0.0120425 -0.0120314 -0.0120232 -0.0120176 -0.0120148 -0.0120148 -0.0120176 -0.0120232 -0.0120314 -0.0120425 -0.0120561 -0.0120725 -0.0120914 -0.0121128 -0.0121367 -0.0121629 -0.0121915 -0.0122222 -0.0122551 -0.01229 -0.0123269 -0.0123656 -0.012406 -0.0124481 -0.0124918 -0.0125369 -0.0125833 -0.0126311 -0.01268 -0.0127299 -0.0127809 -0.0128328 -0.0128856 -0.0129391 -0.0129932 -0.013048 -0.0131034 -0.0131592 -0.0132154 -0.013272 -0.0133289 -0.013386 -0.0134433 -0.0135008 -0.0135584 -0.0136161 -0.0136738 -0.0137316 -0.0137892 -0.0138469 -0.0139044 -0.0139618 -0.0140191 -0.0140762 -0.0141331 -0.0141898 -0.0142463 -0.0143025 -0.0143585 -0.0144143 -0.0144697 -0.0145249 -0.0145797 -0.0146343 -0.0146885 -0.0147424 -0.014796 -0.0148492 -0.0149021 
-0.0148662 -0.0148126 -0.0147587 -0.0147043 -0.0146497 -0.0145947 -0.0145393 -0.0144836 -0.0144275 -0.0143712 -0.0143145 -0.0142576 -0.0142003 -0.0141428 -0.014085 -0.014027 -0.0139688 -0.0139104 -0.0138518 -0.013793 -0.0137341 -0.0136752 -0.0136161 -0.013557 -0.013498 -0.0134389 -0.01338 -0.0133211 -0.0132624 -0.013204 -0.0131458 -0.0130879 -0.0130305 -0.0129735 -0.0129169 -0.012861 -0.0128058 -0.0127513 -0.0126976 -0.0126448 -0.012593 -0.0125423 -0.0124928 -0.0124445 -0.0123977 -0.0123523 -0.0123085 -0.0122663 -0.012226 -0.0121876 -0.0121511 -0.0121168 -0.0120846 -0.0120548 -0.0120273 -0.0120023 -0.0119799 -0.0119601 -0.011943 -0.0119286 -0.0119171 -0.0119084 -0.0119026 -0.0118996 -0.0118996 -0.0119026 -0.0119084 -0.0119171 -0.0119286 -0.011943 -0.0119601 -0.0119799 -0.0120023 -0.0120273 -0.0120548 -0.0120846 -0.0121168 -0.0121511 -0.0121876 -0.012226 -0.0122663 -0.0123085 -0.0123523 -0.0123977 -0.0124445 -0.0124928 -0.0125423 -0.012593 -0.0126448 -0.0126976 -0.0127513 -0.0128058 -0.012861 -0.012917 -0.0129735 -0.0130305 -0.0130879 -0.0131458 -0.013204 -0.0132624 -0.0133211 -0.01338 -0.0134389 -0.013498 -0.013557 -0.0136161 -0.0136752 -0.0137341 -0.013793 -0.0138518 -0.0139104 -0.0139688 -0.014027 -0.014085 -0.0141428 -0.0142003 -0.0142576 -0.0143145 -0.0143712 -0.0144275 -0.0144836 -0.0145393 -0.0145947 -0.0146497 -0.0147043 -0.0147587 -0.0148126 -0.0148662 
-0.0148307 -0.0147764 -0.0147217 -0.0146667 -0.0146112 -0.0145554 -0.0144992 -0.0144426 -0.0143857 -0.0143284 -0.0142708 -0.0142129 -0.0141546 -0.0140961 -0.0140372 -0.0139781 -0.0139187 -0.0138591 -0.0137993 -0.0137393 -0.0136792 -0.0136188 -0.0135584 -0.013498 -0.0134374 -0.0133769 -0.0133164 -0.0132561 -0.0131958 -0.0131357 -0.0130759 -0.0130163 -0.0129571 -0.0128984 -0.0128401 -0.0127823 -0.0127253 -0.0126689 -0.0126133 -0.0125587 -0.012505 -0.0124524 -0.012401 -0.0123508 -0.0123021 -0.0122548 -0.0122092 -0.0121653 -0.0121232 -0.0120831 -0.012045 -0.0120091 -0.0119755 -0.0119442 -0.0119155 -0.0118893 -0.0118657 -0.011845 -0.011827 -0.011812 -0.0117998 -0.0117907 -0.0117846 -0.0117815 -0.0117815 -0.0117846 -0.0117907 -0.0117998 -0.011812 -0.011827 -0.011845 -0.0118657 -0.0118893 -0.0119155 -0.0119442 -0.0119755 -0.0120091 -0.012045 -0.0120831 -0.0121232 -0.0121653 -0.0122092 -0.0122548 -0.0123021 -0.0123508 -0.012401 -0.0124524 -0.012505 -0.0125587 -0.0126133 -0.0126689 -0.0127253 -0.0127823 -0.0128401 -0.0128984 -0.0129571 -0.0130163 -0.0130759 -0.0131357 -0.0131958 -0.0132561 -0.0133164 -0.0133769 -0.0134374 -0.013498 -0.0135584 -0.0136189 -0.0136792 -0.0137393 -0.0137993 -0.0138591 -0.0139187 -0.0139781 -0.0140372 -0.0140961 -0.0141546 -0.0142129 -0.0142708 -0.0143284 -0.0143857 -0.0144426 -0.0144992 -0.0145554 -0.0146112 -0.0146667 -0.0147217 -0.0147764 -0.0148307 
-0.0147956 -0.0147406 -0.0146852 -0.0146293 -0.0145731 -0.0145165 -0.0144594 -0.014402 -0.0143442 -0.014286 -0.0142274 -0.0141685 -0.0141092 -0.0140496 -0.0139897 -0.0139294 -0.0138689 -0.0138081 -0.013747 -0.0136858 -0.0136243 -0.0135626 -0.0135008 -0.0134389 -0.0133769 -0.0133149 -0.0132529 -0.0131909 -0.013129 -0.0130672 -0.0130057 -0.0129444 -0.0128834 -0.0128228 -0.0127626 -0.012703 -0.012644 -0.0125857 -0.0125282 -0.0124715 -0.0124159 -0.0123613 -0.0123078 -0.0122557 -0.012205 -0.0121558 -0.0121082 -0.0120624 -0.0120185 -0.0119765 -0.0119367 -0.0118992 -0.0118639 -0.0118312 -0.011801 -0.0117736 -0.0117489 -0.0117271 -0.0117082 -0.0116924 -0.0116796 -0.01167 -0.0116636 -0.0116604 -0.0116604 -0.0116636 -0.01167 -0.0116796 -0.0116924 -0.0117082 -0.0117271 -0.0117489 -0.0117736 -0.011801 -0.0118312 -0.0118639 -0.0118992 -0.0119367 -0.0119765 -0.0120185 -0.0120624 -0.0121082 -0.0121558 -0.012205 -0.0122557 -0.0123078 -0.0123613 -0.0124159 -0.0124715 -0.0125282 -0.0125857 -0.012644 -0.012703 -0.0127626 -0.0128228 -0.0128834 -0.0129444 -0.0130057 -0.0130672 -0.013129 -0.0131909 -0.0132529 -0.0133149 -0.0133769 -0.0134389 -0.0135008 -0.0135626 -0.0136243 -0.0136858 -0.013747 -0.0138081 -0.0138689 -0.0139294 -0.0139897 -0.0140496 -0.0141092 -0.0141685 -0.0142274 -0.014286 -0.0143442 -0.014402 -0.0144594 -0.0145165 -0.0145731 -0.0146293 -0.0146852 -0.0147406 -0.0147956 
-0.0147609 -0.0147052 -0.014649 -0.0145924 -0.0145354 -0.014478 -0.0144201 -0.0143618 -0.0143031 -0.0142439 -0.0141844 -0.0141245 -0.0140642 -0.0140035 -0.0139424 -0.013881 -0.0138193 -0.0137573 -0.013695 -0.0136324 -0.0135696 -0.0135066 -0.0134433 -0.01338 -0.0133164 -0.0132529 -0.0131892 -0.0131256 -0.013062 -0.0129985 -0.0129352 -0.0128721 -0.0128092 -0.0127467 -0.0126846 -0.0126231 -0.0125621 -0.0125017 -0.0124421 -0.0123834 -0.0123257 -0.012269 -0.0122134 -0.0121592 -0.0121064 -0.0120551 -0.0120055 -0.0119577 -0.0119117 -0.0118679 -0.0118262 -0.0117869 -0.0117499 -0.0117156 -0.0116839 -0.0116551 -0.0116291 -0.0116062 -0.0115863 -0.0115697 -0.0115563 -0.0115462 -0.0115394 -0.011536 -0.011536 -0.0115394 -0.0115462 -0.0115563 -0.0115697 -0.0115863 -0.0116062 -0.0116291 -0.0116551 -0.0116839 -0.0117156 -0.0117499 -0.0117869 -0.0118262 -0.0118679 -0.0119117 -0.0119577 -0.0120055 -0.0120551 -0.0121064 -0.0121592 -0.0122134 -0.012269 -0.0123257 -0.0123834 -0.0124422 -0.0125017 -0.0125621 -0.0126231 -0.0126846 -0.0127467 -0.0128092 -0.0128721 -0.0129352 -0.0129985 -0.013062 -0.0131256 -0.0131892 -0.0132529 -0.0133164 -0.01338 -0.0134433 -0.0135066 -0.0135696 -0.0136324 -0.013695 -0.0137573 -0.0138193 -0.013881 -0.0139424 -0.0140035 -0.0140642 -0.0141245 -0.0141844 -0.0142439 -0.0143031 -0.0143618 -0.0144201 -0.014478 -0.0145354 -0.0145924 -0.014649 -0.0147052 -0.0147609 
-0.0147266 -0.0146702 -0.0146133 -0.014556 -0.0144982 -0.0144399 -0.0143812 -0.014322 -0.0142624 -0.0142023 -0.0141418 -0.0140808 -0.0140195 -0.0139577 -0.0138955 -0.013833 -0.0137701 -0.0137068 -0.0136432 -0.0135793 -0.0135151 -0.0134507 -0.013386 -0.0133211 -0.0132561 -0.0131909 -0.0131256 -0.0130603 -0.0129949 -0.0129297 -0.0128645 -0.0127995 -0.0127347 -0.0126703 -0.0126062 -0.0125425 -0.0124795 -0.012417 -0.0123553 -0.0122944 -0.0122344 -0.0121755 -0.0121177 -0.0120613 -0.0120063 -0.0119528 -0.011901 -0.011851 -0.011803 -0.0117571 -0.0117134 -0.0116721 -0.0116334 -0.0115973 -0.011564 -0.0115337 -0.0115064 -0.0114822 -0.0114613 -0.0114437 -0.0114296 -0.0114189 -0.0114118 -0.0114082 -0.0114082 -0.0114118 -0.0114189 -0.0114296 -0.0114437 -0.0114613 -0.0114822 -0.0115064 -0.0115337 -0.011564 -0.0115973 -0.0116334 -0.0116721 -0.0117134 -0.0117571 -0.011803 -0.011851 -0.011901 -0.0119528 -0.0120063 -0.0120613 -0.0121177 -0.0121755 -0.0122344 -0.0122944 -0.0123553 -0.012417 -0.0124795 -0.0125425 -0.0126062 -0.0126703 -0.0127347 -0.0127995 -0.0128645 -0.0129297 -0.0129949 -0.0130603 -0.0131256 -0.0131909 -0.0132561 -0.0133211 -0.013386 -0.0134507 -0.0135151 -0.0135793 -0.0136432 -0.0137068 -0.0137701 -0.013833 -0.0138955 -0.0139577 -0.0140195 -0.0140808 -0.0141418 -0.0142023 -0.0142624 -0.014322 -0.0143812 -0.0144399 -0.0144982 -0.014556 -0.0146133 -0.0146702 -0.0147266 
